102
64
53
62
130
83
132
132
111
75
18
66
113
110
165
182
182
109
100
100
40
97
102
116
17
111
108
107
145
17
114
93
17
111
100
17
101
17
108
130
56
124
17
132
106
17
100
146
17
106
133
17
120
153
111
16
124
25
96
91
103
106
101
115
12
98
102
103
111
12
128
21
153
138
122
105
216
140
39
146
110
114
124
164
34
112
100
165
126
117
129
116
12
113
173
250
180
177
81
126
178
150
187
80
240
198
18
234
260
69
94
12
272
304
216
209
201
80
203
73
122
183
233
237
25
25
12
12
12
12
25
9
284
5
10
10
12
12
186
30
216
30
88
217
30
215
30
15
160
70
258
129
279
8
230
207
266
245
218
226
99